%YAML:1.0
R1: !!opencv-matrix
   rows: 3
   cols: 3
   dt: d
   data: [    0.99988484382629395,    0.01516669057309628,   -0.00056386389769614,
             -0.01516633480787277,    0.99988478422164917,    0.00063010677695274,
              0.00057335558813065,   -0.00062148243887350,    0.99999964237213135 ]
P1: !!opencv-matrix
   rows: 3
   cols: 4
   dt: d
   data: [ 1300.00000000000000000,    0.00000000000000000,  960.00000000000000000,    0.00000000000000000,
              0.00000000000000000, 1300.00000000000000000,  600.00000000000000000,    0.00000000000000000,
              0.00000000000000000,    0.00000000000000000,    1.00000000000000000,    0.00000000000000000 ]
R2: !!opencv-matrix
   rows: 3
   cols: 3
   dt: d
   data: [    0.99997341632843018,    0.00696109840646386,   -0.00217782147228718,
             -0.00696246000006795,    0.99997556209564209,   -0.00061823520809412,
              0.00217346474528313,    0.00063338177278638,    0.99999743700027466 ]
P2: !!opencv-matrix
   rows: 3
   cols: 4
   dt: d
   data: [ 1300.00000000000000000,    0.00000000000000000,  960.00000000000000000, -389.97238159179687500,
              0.00000000000000000, 1300.00000000000000000,  600.00000000000000000,    0.00000000000000000,
              0.00000000000000000,    0.00000000000000000,    1.00000000000000000,    0.00000000000000000 ]
R3: !!opencv-matrix
   rows: 3
   cols: 3
   dt: d
   data: [    0.99996048212051392,    0.00877570267766714,   -0.00142555858474225,
             -0.00877742655575275,    0.99996072053909302,   -0.00120737729594111,
              0.00141490704845637,    0.00121984223369509,    0.99999827146530151 ]
P3: !!opencv-matrix
   rows: 3
   cols: 4
   dt: d
   data: [ 1300.00000000000000000,    0.00000000000000000,  960.00000000000000000,  -43.48542785644531250,
              0.00000000000000000, 1300.00000000000000000,  600.00000000000000000,   -0.09564305096864700,
              0.00000000000000000,    0.00000000000000000,    1.00000000000000000,    0.00021928129717708 ]
