%YAML:1.0
M1: !!opencv-matrix
   rows: 3
   cols: 3
   dt: d
   data: [ 1285.20874023437500000,    0.00000000000000000,  964.07824707031250000,
              0.00000000000000000, 1285.31872558593750000,  594.09423828125000000,
              0.00000000000000000,    0.00000000000000000,    1.00000000000000000 ]
D1: !!opencv-matrix
   rows: 1
   cols: 8
   dt: d
   data: [   -0.17050476372241974,   -0.37915989756584167,    0.00008839318616083,    0.00002446956023050,   -0.02400526776909828,    0.25800210237503052,   -0.55163019895553589,   -0.12768089771270752 ]
M2: !!opencv-matrix
   rows: 3
   cols: 3
   dt: d
   data: [ 1288.04516601562500000,    0.00000000000000000,  970.83514404296875000,
              0.00000000000000000, 1288.00183105468750000,  581.13226318359375000,
              0.00000000000000000,    0.00000000000000000,    1.00000000000000000 ]
D2: !!opencv-matrix
   rows: 1
   cols: 8
   dt: d
   data: [   -0.18339686095714569,   -0.37354895472526550,    0.00018158649618272,   -0.00002856210994651,   -0.02198010683059692,    0.24667455255985260,   -0.55384916067123413,   -0.12112277746200562 ]
M3: !!opencv-matrix
   rows: 3
   cols: 3
   dt: d
   data: [ 1289.53417968750000000,    0.00000000000000000,  982.12554931640625000,
              0.00000000000000000, 1289.35778808593750000,  560.33789062500000000,
              0.00000000000000000,    0.00000000000000000,    1.00000000000000000 ]
D3: !!opencv-matrix
   rows: 1
   cols: 8
   dt: d
   data: [   -0.19067494571208954,   -0.37337669730186462,    0.00021168310195208,   -0.00026479343068786,   -0.02208917587995529,    0.24323141574859619,   -0.55928379297256470,   -0.12100236117839813 ]
